state_abb,map_fips,region,division
AK,02,4,9
AL,01,3,6
AR,05,3,7
AZ,04,4,8
CA,06,4,9
CO,08,4,8
CT,09,1,1
DC,11,3,5
DE,10,3,5
FL,12,3,5
GA,13,3,5
HI,15,4,9
IA,19,2,4
ID,16,4,8
IL,17,2,3
IN,18,2,3
KS,20,2,4
KY,21,3,6
LA,22,3,7
MA,25,1,1
MD,24,3,5
ME,23,1,1
MI,26,2,3
MN,27,2,4
MO,29,2,4
MS,28,3,6
MT,30,4,8
NC,37,3,5
ND,38,2,4
NE,31,2,4
NH,33,1,1
NJ,34,1,2
NM,35,4,8
NV,32,4,8
NY,36,1,2
OH,39,2,3
OK,40,3,7
OR,41,4,9
PA,42,1,2
RI,44,1,1
SC,45,3,5
SD,46,2,4
TN,47,3,6
TX,48,3,7
UT,49,4,8
VA,51,3,5
VT,50,1,1
WA,53,4,9
WI,55,2,3
WV,54,3,5
WY,56,4,8
